           dim 1
             L 16
             q 3
cluster_per_cycle 1
      MC_equil 100000
    MC_measure 1000000
          bins 10
              T         m_real             m1             m2             m4       C_r.real
           0.25  -5.628125e-05      0.9716793     0.95537377     0.93891202     0.99999996     0.98373245     0.97003449     0.95844399     0.94921901     0.94171599     0.93708098     0.93377655     0.93311799       0.933688     0.93725352     0.94261298     0.94983698     0.95911446       0.970909     0.98430552
           0.25 -4.4281306e-05     0.97157454      0.9552306     0.93874903       1.000001     0.98383098     0.97027396     0.95922797     0.94968496     0.94250593     0.93723492     0.93416292     0.93327792     0.93379992     0.93727993     0.94279094     0.94998944     0.95931044     0.97078243     0.98439948
           0.25 -0.00015593754     0.97114633     0.95456004     0.93783385      1.0000009     0.98383843     0.96963797     0.95795897     0.94834695     0.94113191     0.93587443     0.93300639     0.93243941      0.9332974     0.93619392     0.94131037     0.94912683     0.95846741     0.97013591     0.98374393
           0.25  4.7312344e-05     0.97147223     0.95504383     0.93844704      1.0000009     0.98391491     0.97063691     0.95914244     0.94975546     0.94214449     0.93702346     0.93364991     0.93250248     0.93329443     0.93627647     0.94156559      0.9492171      0.9589341     0.97066111     0.98427194
           0.25   0.0001694688     0.97128389     0.95475729     0.93807195       1.000001     0.98398995     0.97005044     0.95829646     0.94853294     0.94145888      0.9360184     0.93279337     0.93199239     0.93320144     0.93654197     0.94123394      0.9488764      0.9584629     0.96985997     0.98411889
           0.25  0.00010853142     0.97168207     0.95539305     0.93894682       1.000001     0.98394497     0.97043449     0.95911543     0.94971195     0.94241445     0.93701898     0.93403697     0.93274096     0.93360196     0.93701745     0.94259299     0.94972853     0.95849304     0.97015693     0.98395547
           0.25  0.00013459386     0.97081073     0.95407669     0.93724032       1.000001     0.98433947     0.97039999     0.95808346     0.94825997     0.94095047     0.93544397     0.93198348     0.93103245     0.93184542     0.93513194     0.94023493     0.94760746     0.95766497     0.96929744     0.98351596
           0.25 -0.00016662487     0.97111593     0.95445659     0.93761312      1.0000008     0.98426585      0.9705694     0.95844028     0.94889431     0.94102677     0.93583533      0.9324813      0.9314013     0.93247525     0.93592827     0.94118137     0.94824033     0.95784186     0.96957333     0.98327901
           0.25  0.00014621858     0.97150678     0.95509383     0.93851381      1.0000008     0.98385933      0.9697909     0.95795579     0.94870223     0.94152781     0.93673837     0.93392596     0.93283851     0.93375201     0.93691107     0.94205158     0.94935654     0.95888293     0.97041337     0.98412337
           0.25  1.2625146e-05     0.97099147     0.95430637     0.93744273      1.0000009     0.98363899     0.96990652     0.95819748     0.94859892     0.94138401     0.93614596     0.93250393     0.93153642     0.93249041     0.93558192     0.94090395     0.94817592      0.9578074     0.96921042     0.98328197
            0.5  0.00045015625     0.52382832     0.32870464     0.17909333     0.99999329     0.68326702     0.46769735     0.32499149     0.22574654     0.16266833     0.12349216     0.10055211    0.093596736     0.10098676      0.1234577     0.16317242        0.22684      0.3232072     0.46970283     0.68396107
            0.5  0.00039568795     0.52449663     0.32946688     0.17985672     0.99999991     0.68479384      0.4710674      0.3239248      0.2265811     0.16331316     0.12252902     0.10048057    0.093787741     0.10061279     0.12165374     0.16281474     0.22698192     0.32189242      0.4694007     0.68395432
            0.5 -8.7405854e-05     0.52410645     0.32897717     0.17937675              1     0.68237704      0.4683138     0.32143163     0.22596047     0.16350943     0.12294219      0.1017837    0.093497564     0.10111497     0.12197314     0.16065137     0.22503349     0.32180158     0.46880156      0.6856288
            0.5 -7.8500087e-05     0.52373087     0.32855079     0.17896751     0.99999459     0.68486726     0.46826459     0.32313481      0.2260935     0.16343571     0.12194146    0.099760241    0.094434551     0.10159645     0.12213668     0.16172321     0.22384963       0.321467     0.46724286     0.68306684
            0.5  0.00050996867     0.52364178     0.32849515     0.17891238     0.99999684     0.68462074     0.46622362     0.32086537      0.2258697     0.16268889      0.1211919    0.099063964     0.09085777    0.099338269     0.12166666     0.16273261     0.22591849     0.31990243     0.46712383     0.68337922
            0.5 -0.00017590574     0.52406989     0.32907377     0.17961423     0.99999718     0.68287909     0.46607381     0.32479404     0.22727302     0.16274249     0.12344661      0.1012896    0.092525348    0.099830026     0.12182528     0.16318186     0.22573761     0.32103601     0.46759315     0.68032688
            0.5  -0.0013669064     0.52288162     0.32779508     0.17845404     0.99999939     0.68487578     0.46506628     0.32062379     0.22515501     0.16015375     0.12137794    0.098671831    0.091180292    0.098557607     0.12016429     0.15979552     0.22264401     0.31945449     0.46460348     0.67941811
            0.5 -0.00052315762      0.5237554     0.32863367     0.17907727      0.9999973     0.68406618     0.46909897     0.32195117     0.22426181       0.161204     0.12222247     0.10160019    0.095770588     0.10085955     0.12167363     0.16231207     0.22523026     0.32403107     0.46966957     0.68162505
            0.5  0.00091037448     0.52394279     0.32890432     0.17939309      1.0000003     0.68311938     0.46690514      0.3224429     0.22469952     0.16114991     0.12344331     0.10049939    0.093367304     0.10011414     0.12257085     0.16150984     0.22696577     0.32271693     0.46938081     0.68204832
            0.5  -0.0010319366     0.52390527     0.32882827     0.17922272     0.99999692     0.68598086     0.46918131     0.32456778     0.22621704     0.16276538     0.12290077      0.1008644    0.091939602    0.099913445     0.12316055     0.16152791     0.22491275     0.32238386     0.46744598     0.68236939
